 0 630 3692 3 0 6 -554059391 1654619589 -745154472 -1799618155 66588025 912094429 -436481575 -1634876782 982309455 865123414 -31770853 -1091909365 1281281503 1125247194 -1982373232 1004360473 1156940712 -1784059334 -974736648 -1672851168 -203116018 -1296674662 -1834054903 -1604192401 -555307640 -1478152172 1923133642 1791468343 -1415783024 1683148713 -1162243567 -1329999698 -2028438147 -1178508537 -1096851859 -1978012568 -1633997081 -2062114739 -1469274045 -1752198011 1104424386 1099880812 363117082 1201466638 -1322304087 1817269236 -354504842 -1149657271 1826660015 1419435890 -2060523648 1192892947 765576324 -288562768 -1355660486 1342498569 800336310 1247931443 -996338534 -1753718870 927951234 -1279490588 -2064051114 572938095 1628462798 1782610105 1212347707 915463425 2076111857 -750134092 1984546531 -1718303621 -1368634783 -54711441 -777450056 1660689559 1589215520 -749297495 -1338587496 1342353496 1250267374 1431106979 -991622872 680072441 -1422900896 -693785667 -1333641168 -1340935227 -1523389933
 863429037 -1361926330 785200615 1651152578 -499641472 -606554987 -751200522 -2137245199 -873375186 -1426535158 462794862 2085253133 2002188499 1449997300 2136151583 1697977772 994599293 1377313474 -655812577 1594825391 -1573036286 -1567032909 -372729783 1556657751 83344116 1967171443 -1778115482 286043586 -713995018 61637177 -659487735 1850163039 -1407353967 1777405360 -678094203 1202213755 46568209 -627705770 1891937381 1233536957 1431840862 -1900126042 1898122501 -879267730 1792348583 718493848 871865971 1780226963 300004509 904389685 -223838879 625667742 -1855696116 -1459555671 -1895414523 1567113065 522596358 -1917913176 -21859386 -1083537428 -25598636 -1373806750 405671103 -2000528594 -16515224 671554145 -715022562 410189180 -623647339 717562573 955747790 -11781280 1612562505 -1642192746 16379624 -476605993 249465614 -1845496472 -612291477 -2017120228 676782600 966786896 1848798384 404204716 781760248 1051822536 -755688032 -1471539673 -611924531 55105664 -1047758615 1198769001 554715621 -1115314244
 -2016965720 -376491403 -975558163 665130286 -141404191 -479981909 -813789996 233658052 1479155530 -539373568 -541289750 -1328342767 648842344 -427973271 824445387 1262257138 631000572 1575644238 -958031702 -2127259442 251603433 -980362320 -316474179 584437810 -1186798812 -1383311581 -2090549501 -1627721894 2038291520 -857294712 1773753344 -1687869106 1777355728 -2104914797 -1815916511 916640985 -870530319 -1010983735 1993812774 1686153263 1888452507 -1096493778 1175042297 -1894316019 2031956631 -644736686 -458232620 -1909715612 -2146174328 116807149 -237382741 -1186825319 578315872 831749274 1616968145 381017663 1499537290 1979735773 880843991 -1232140822 1841759169 1030741499 1564755953 979910730 1566621766 -1189516308 -1390824976 218295739 -388684134 -1466887871 1252454735 1750074317 40687538 1958819362 201767292 786580917 -1150517130 -1665059500 572642302 501791633 -1953173260 970639507 -1497940279 -1216871076 -316784776 -652241427 -1244981252 -894076945 559098331 1472078788 1611864568 -1490058524
 1759163668 1190627578 -1936616917 1862263883 -1867521890 -182041952 -1964316509 -380555700 -1721361545 -938351979 1608236403 -1279158789 594794218 -1731808138 905495866 -1758293412 -719162134 -465429300 1827926537 -1785903122 1885756217 1801222424 -1036576406 767996607 -1265362529 -774037837 1673184700 1601578665 -794845189 -152625278 -1275701419 -376180423 -747170705 1270724363 -429668060 259615297 -1878320259 1915607954 -1236770878 -2093595160 46592789 -1845848215 551911714 -1625400834 -515053108 -846115864 -761554770 1636989405 1036550770 1249215536 962998775 825427352 -902597307 1507206184 1458675291 -604085693 1421304036 -1750360485 1424538084 1603090240 1415537428 -1936142491 784910494 -834583399 1543632347 -1606132558 -979885014 -1263838970 -1306130367 -129980555 469434625 1100078550 -971088278 -1861554109 -236802473 -443222777 -720659767 553443675 1727330475 1973582038 1591923947 1898271989 -2015242862 -394444950 1085068901 -367421811 -1278290795 52890268 2123850943 -1628542982 909395088 -665526956
 -1978895667 -1358813195 29074058 855545220 1223755209 -1078024305 -1207488279 1684197144 -1418467598 1296390703 -1805676811 70012137 117149389 1522635989 694479642 -606646443 -1723131842 1213813299 728505831 65328166 1301320418 -994084189 259435997 216797236 1182620282 -2121798776 -1321541320 1956578982 870815216 -1675877040 220936723 1299308055 -1693921260 -1156096129 -1074017398 -48939848 -1548727289 1588421677 -1815449691 -40132293 1398019655 -1942850593 86159069 52707286 -49879326 1998489902 707664071 -850145119 -360852295 2112151756 -1704487283 -989802701 -697440457 1901332429 705039150 217631215 -597632597 -1277009423 -321301262 -1142952016 -866403483 1517266196 131258510 -1701606594 1314297978 -411945668 -1441684415 886226798 -1430209887 1005268773 -1226214858 -40862822 -443583777 1680381812 638964460 1323182819 475283381 -1416805615 -2019404236 -631453671 -26808076 -429262861 1581387984 -235829400 494416595 1571911452 759228880 -925549823 1199515079 -98957714 -1730247068 304220756 -1740102217
 1601944227 -1616892208 -1830078977 -1215645267 1566624789 878720408 1780275514 -364021968 927523764 160452239 -978092334 521970670 -500467098 237281942 -589623896 -1666092103 -1963784842 -1379162188 -951899020 929840642 1609717327 -982486477 -1750618186 -13279844 -1771792835 918737062 613931357 -1650384958 -1629109834 606560255 877588216 535188379 846283266 -2143988761 -269184578 1466397072 414976939 1716516552 526749428 -322441925 1149642378 1003535711 -836195018 -48814605 791763417 1667447114 314059712 -644518363 886925560 1664251584 549623178 -1019998839 1507884508 -2117842246 -1080953289 -1356691796 -1774080052 -2026411183 1628679062 1339398902 1315469115 -2087137384 -775887344 -792353775 1746002362 382269973 -1531304706 1878657842 1284164849 1691283642 -712049191 -476235743 453657454 1720190179 1133953142 1752515965 1880893402 -1644219964 -1967606702 1961794128 269596908 -2122151966 22508663 816969787 874348954 -1525012216 -98753169 1524894383 1334707506 -921308419 681873303 1742206936 -1123864328
 -1833580965 1083403087 1238636873 -237542472 -523969307 -666193822 451703041 1973834384 -765276890 1255896386 559279189 -1530210997 -995535378 1491081889 -1812768713 1598072593 -1264570832 -1592182164 1342940327 423462140 -409285209 1555434387 -1282272712 1411253104 1737508926 1437020051 732543080 -909507450 -1034179019 -946481305 1425612662 -1076839004 -1048014161 1591098875 -814762686 -1703829768 939342180 -23310131 277214237 8996461 1535001102 676982637 661252116 781776405 235330239 1153119247 -1361618981 -2007437129 -893830025 1068465304 1185908939 -1796503902 112892689 -2005796640 1869918145 -1863547013 -464409026 -1773598106 1814388270 -1368211114 340805227 1282288013 -151761089 -1420401588 538868480 -488763998 -1338738782 -1261522721 1583727884 949973339 711477583 4826
 1 630 3692 3 0 6 1483373939 851713542 -882084747 -185205511 625727784 1065661161 203552218 -253396211 140703166 1941924446 5642261 1236548591 -1836303208 -117552601 -635026362 -1840428800 -935294772 -2136552048 1639452277 1010494433 -416223710 381263538 -444565183 1642993260 512604255 -1342582550 932693877 477355686 -1322785294 -644618137 1543478009 -435252270 1148059118 -1676248610 -1627117239 -2024418091 -1627271270 1141753375 -141505451 264764694 -1983825802 -1323075061 1888771329 -503736749 1108102459 1215778624 1771690043 -231909034 -1786861750 776054215 1789238695 -1902245436 1494427403 1131728458 1388182385 631160192 1314501844 1634731377 -1684069795 -1257056805 -1497073638 909505621 -1529641237 422414851 -600575838 1244485471 478038265 974924188 2092920131 -835523197 -680257128 -1982934793 356266022 -798232521 -1998771426 -1563115031 1910452450 -626852816 1618699085 -1649865455 1352467693 471804599 376355390 916853281 -666241981 1490984116 -1701484161 -1633990611 -708614551 163000378 -1926000717
 -1239193733 564654923 -22836607 1775672028 -1402308204 1340338904 -143606340 2000988772 -1368024561 1163214729 913075306 -1355763657 -206505916 -815192530 1485554870 -1544981416 -1719962825 -461242340 485997253 -370277051 1120753698 -498184455 1653078288 -478216717 764079632 1078970576 98579914 1351558229 2067493818 -826895497 -1219759756 545890678 160833533 627405345 1909794888 528194853 487739928 -15149528 -454123011 -2062892427 306606416 -2057096862 579568250 -577982635 1810441624 808048336 156970460 29156347 -1884768602 -62476469 1735650988 -1291140276 900284395 541872164 -32449749 -263270700 -339610464 66734336 -1297385945 -1759742588 -1975160366 1898181337 1934812035 385289962 -796356057 -824799520 156125014 -1825890545 -1735108148 1658978967 1981822074 1799297269 -460673666 2033422552 840073626 982296247 148471646 1601882058 -1685787885 -1780292581 -2034604864 1212273115 80967123 1070103668 2096723286 245496481 -2037240882 -1555937614 -167743427 854252184 418900257 -1665719932 709759610 1546876778
 1066623620 735039576 -1011045645 -639268636 607895507 2128136696 1872667093 594901734 -2047383116 7951089 1513154585 -1281570284 160826567 -894791767 -821817037 -64603647 1747278784 -645625669 1733477762 -1441420916 -974384337 -378212052 870732507 -1420739676 1511530831 1989975475 1226645308 -879107118 -886768383 331633370 -382664181 624550824 616212587 1727245580 1117971316 1291743007 48336253 -620647112 87457355 1046031593 1772969203 -1481850492 -594233050 1032608927 -279325765 1267891245 298341969 736242956 325421256 1544001487 -1995885018 -780780435 -1292962937 1307555929 814399304 -633886920 -522491981 952986218 2027042952 119126786 -360312388 66624571 -381549783 -1715817069 -882921887 1605030823 -1964552248 -1147525910 -1103168480 572347094 997652306 1263814023 1334476090 1624779707 1106169537 662896328 550219956 -1951704313 588220195 1490295310 -855619151 823707876 603429949 -1149343430 -620491016 -495510102 1396605216 -751483990 1718037099 -1045961241 1021758871 -1474943247 -168095303 372035026
 -451471075 -356019418 -294531334 802100965 -273351999 -275980602 -2028518293 680135155 -1693260345 -1433016180 359709120 930172594 -133137767 -180591518 -1873232130 187743086 1953489660 2058525592 -811449350 904043601 220827587 1656300263 269223207 -1186278235 -689584472 2007443808 1758383734 132869418 1103064480 -1971757112 -1747406051 -1873457921 -846035980 -662035531 742286831 -1589518984 2087758532 128944852 -1426745250 789554481 -1632237931 1544080223 -455334796 -1854643929 -926204242 1284265084 -642846240 37074585 2057124758 -1882288195 -1502073580 2114640941 -190575692 2003583181 804549318 -1433718644 -813248267 403475731 -404463308 -703562049 1709245149 1222262691 1913273563 -1920353633 -933188968 -1485993374 1618434072 1995968324 -164389057 -1946827954 788083051 566326865 401304253 -284863134 -2113395791 741443141 1728902787 -182768937 71120347 -1861788243 1031381874 54877270 -754914027 1287212893 -1944203785 -1292404695 -1174887349 626798290 -408040250 1209862488 723501044 -1780943674 -1861915989
 -743808043 2000730058 -850084902 -2038129497 -2026741442 -1561469554 -1907284336 -15161935 1173322008 927536078 -249767682 1540805134 630568262 902854167 -1110832929 2068537905 1350789228 1663135621 -199324499 1820027020 651663941 955236834 -1987552296 1422808060 -1244363770 97937911 -1167640135 -187631414 71998759 -1490088282 2049066694 560504948 472283112 -1982747745 -167997494 -1761789995 326761749 633841766 -1660159138 1227860882 -2034048268 -1370112527 -411342056 -903217790 -2125759555 -337205957 1089443024 159330258 491574563 323027607 1524124092 780483437 197323700 1858437717 1978273678 1191317575 1125642477 -873324753 -150980061 948978850 -1020623021 -893743344 -1873360086 -1274024895 1526420127 1856350895 1724776080 -93603600 -221201850 963975236 1398558517 344628773 1008724631 1613743561 1693810398 -799956570 725592694 1673022104 759696164 750454319 -814655786 -2132088119 1120525383 -1117437432 -370446586 -626103923 -1770489684 -1471018685 -1120336209 2090963204 -1932995147 1601484414 -2059350025
 1828023921 217597615 -1062688421 -135135298 -2069500504 -196053002 145497371 -575168632 704791671 -723455630 368476507 1947811461 -825675549 -1792476925 -1388979194 -1967960273 -1951460221 578788364 1308174092 1984241598 1915460318 1161425754 -1282280404 1009507741 -1331768200 -1829498834 -826586988 -62134347 -2132759380 342050150 852312637 -166860397 1991509402 -1070044602 2014365403 -847413298 1817195850 -1423477332 -1148964851 -814372539 304944312 1529302117 1185115706 1186811657 112115096 -864372514 1765750454 -1100852783 -1427990938 -1295685071 181178612 -1267374354 738986129 -132317289 -255702170 -2060410301 639799987 -185807657 -140452114 -522649612 38107179 58517556 1687333673 -2023103927 -1192178084 -72535644 -806129163 -447134194 150148471 1130370415 -1846106499 568752845 568341877 -911640820 -563437878 1008328068 -1974157462 -868018547 -1126158837 912942058 -1565821501 54591953 1424537877 -572968470 -1488654275 -1072437740 1675604233 -115664170 58423331 1715573472 184071644 -1875226930 -677585152
 1390938194 1544644838 -1633420479 944182050 1177797299 308285300 -896845917 -757791685 1890869154 1101287346 1417713100 -2139200277 -773356369 -1813667539 -149764298 -420589565 -158573695 615162977 -1132947989 823821107 -1640960107 1859629508 -1513629238 1026851608 1768439288 1392488945 -1108815802 374260542 81961084 650778168 -686562041 1600829066 383745481 153300261 936960430 824874270 -680871441 -130977965 -2124830633 -1324286271 -1545359838 2147447383 -252200482 2144862475 1036292263 150620159 -1185921381 -1352880442 1299961860 2109612476 62656653 1157040815 1496314666 507549712 661077507 -1127073885 -684816968 1923628463 1361584850 -418399284 1232347529 -1245468407 1066459649 -1517265631 1218917973 15272544 4826
 2 630 3692 3 0 6 1149529463 -1596664019 200032018 -1641115941 456964922 -1328578910 2133696301 -1116210140 1878034534 134989219 243520075 304352918 627304868 -1037578006 -527575082 -823851138 544161216 1911107414 782511782 -1126957811 -1623699008 -1998602743 1509752111 746356285 487490220 -356856270 252234761 120821755 2006158202 1806488154 731249571 1780344742 1190279154 1635748712 -750898055 992496748 402272959 -352550692 1484615138 2066423947 -80773252 1416911995 -1824262113 -1825502655 1802498979 -1986498955 1653529295 1692011406 1466356714 -1903514264 1039963367 1086085859 2074205158 -1289713830 1268064813 1563116285 793680133 -2090857878 -596034028 -463984022 478906668 1729839538 597227413 -1733418886 -1173707136 1653457255 -1280062788 1684019806 -1311010798 1346791319 2034108388 216223261 -28293324 -2085090782 -1393514710 -1797468343 -1504049995 371893991 -1014933581 1816184632 -129868145 -2026153391 -432424750 870713661 1434092424 928614201 -2037905177 518201887 1272825712 1235298694 1709557094
 579290681 2015594947 631960762 -2098707732 -73887837 -1764373345 422671981 -1853305096 -777326677 737047145 -2075905752 -1347662558 288222169 745739630 -1058706339 652752505 -252625153 1707363073 1876342796 1505139422 1006485468 -1716149906 -994768562 233899426 205114400 1993688185 1148016112 1029405925 -3692884 -449729651 -1251806552 899559614 -712842911 1016225993 -1407642541 1591755582 2056219794 -802374485 706327459 738475991 -1673349635 152603217 2054378200 -554901240 -823614452 1319343190 947290022 -1150820515 950098381 -1306000537 603459252 269031584 -1346967346 -1810530796 -652273317 -1816533711 -1587128969 1495173235 -899518133 -1118372168 1317195812 -1984012089 -239970178 1430685254 670201183 1020288470 888650930 395023449 -1223195723 282617869 675623516 441826794 946524285 -2061193851 -1541420683 1835855635 226806100 -1040419759 264473120 -737603785 830061658 929948707 -217551085 -734932643 1516631950 -1617775197 -1669366960 478182605 1280275767 -554329068 1370726217 975768477 -782221915
 -1273544171 -1834503290 -48458523 -2030855697 -196775486 -1359365766 2063956505 -1734941768 -654825675 -2060299179 923495130 -918349261 1667966206 157572053 -433956576 24515355 -346361481 567822929 -523771357 -449656790 917390183 -1671644233 228184672 147150183 -1980962862 -613731712 1929258971 1384284884 679613379 193685011 -945643839 1499064 -1066663736 -72274393 725238029 892193444 -1180245270 1815465884 1759468402 1682389907 1300403912 -210700915 1152426722 1850665455 980309439 287267985 -1568393648 -2064297515 -1344025909 1981105431 1071627413 2063643070 736194105 -1549747429 608259450 -1624434495 1654089212 1309309313 1549118827 -1995015093 -495199104 751161010 -1901621758 -1538790188 619111004 -209634324 -1451196909 340461039 1898770585 -1829727911 616137444 -193808835 1952768336 -1586280228 -931155088 -254105942 -629383810 1491805085 287483495 -1658189443 2022184873 -833783503 -202573265 -972767615 -543075239 -1632237881 32028090 1409264272 477050868 -1071898233 -363761252 -1059096326 -1583565574
 585029703 -161429923 -651186662 -1413638407 1870753979 -929319053 -1163254007 609360162 -636294972 -691076799 1026240083 -53576000 262910088 529404766 -1400212430 -995771530 -1611176814 1495634814 -1176923140 1270756082 -926761419 159085917 1893909929 -1302668388 -1860878171 -1259205250 -1714251666 694187640 2037306696 -909375373 -511668828 537039899 1458282270 8351662 1075503382 23389234 277394090 -1139754933 1853453426 -252878382 -766587050 497346098 -102220597 -1771059768 -2125493694 1897626345 105847011 -1541592018 -1333886830 -410548927 331225733 -2032564407 -2043129680 47110388 -1972603602 -69159154 1038329367 -899872212 1805727541 1321409800 1595738925 -1518750395 895449097 1487533383 567614826 -1239142532 -93729630 1911238203 -1882338529 -721755006 -588760934 -1857547621 -1932085999 -266070525 -1648883130 -1555395473 -852049739 -814311655 -455230990 96146294 995863448 884618317 -1412613319 -193849518 -1068626746 1440554620 -835889846 792171679 58810053 812796752 -1372127622 11565968 -1146071537
 813899675 -1175650849 1348472475 -1248680873 136050470 -602532113 -469105236 301271244 1108051242 -1313955923 -926374986 1960821351 321262625 161663630 -1419278912 -1538500568 404689639 604151046 -1711430484 259070224 604011587 179087656 999138657 -917341029 -1631248382 1815523983 -1379975360 1277505182 -1414446087 -1220239348 1866898312 1305192164 1673942878 -1619648704 -1215666991 338412908 1133805347 1382905662 1077568400 -1842727957 1975845332 -1743349077 350430301 1354979107 -2063461105 -72036959 1027758849 -130320029 -1313140108 1253608776 31411735 -2094630122 -576853737 -8439524 786145112 1423035735 -1846380931 1582173313 528777415 -791732213 1239451466 710665904 147582737 684286397 -1464205705 717061118 1833811623 1213603081 1234055540 703606111 -1260381105 -749116328 945808971 -360184602 1342216187 671770005 -1575833927 -2017682817 -572384920 -48925589 1185956913 -425732027 1902277346 -802794280 1388051588 -1759171408 89684948 -2021126149 -1857811978 -1392738397 -285369177 119135987 1818101250
 -1829730129 667845072 -1791609680 880996168 -476251625 -322006721 -555466606 149010050 -534527413 849288252 -2063833123 -1902562775 -1644166978 1283281478 -1523758941 877727013 1624304258 735480277 1008529253 -220531956 2143165651 -1740171041 -15941912 1514776798 1152689851 -246044581 394881407 199669513 1413000089 1395016250 -176686126 -644932368 1632703362 72427556 375547522 1351048978 -1746247129 -768128323 -616153310 -746894312 88544334 -1707186360 1180455220 1936762473 -1202689205 1623249719 1991558945 588372278 713824757 2066604620 2123235254 -1220928091 1107341928 570083229 527792500 904727838 2139840362 -1627691787 -828869165 350439918 -111324929 -122302932 270813277 -533610176 572428879 -1749862520 -1959914443 -1194085080 -1770531480 1588348610 1087221357 1659426829 913582179 1253890075 -1941528664 1121491688 500517608 -2089417050 86872087 1889710791 -231856258 -3976668 -1249382119 1612789163 1048978911 444184402 -786943086 1042274512 886887005 716827720 -175968764 -1960625077 130767717 83819488
 427073964 455382491 -183789788 1033024826 1206114260 -1003048578 -957745802 -372582374 -1222263481 -1847310965 -664377821 870986078 -1911521155 1188688858 -655513009 -1741966187 -1003666293 -877593438 -1090244087 -1432898954 -569143840 -2000924616 -2141382511 1402318008 1100175238 1165223195 204241168 -1720730666 -1317958241 25408896 1942364844 -9924524 -894864818 1537303725 -1796927338 -1264264510 -1419081521 -1894966363 -2061888351 -1938740108 -1597233051 368639166 1823523786 -1498208408 532863574 1348873906 1717233698 252448805 -84689515 -1834435283 2038299645 -3359858 426785454 790867699 -1387520299 411817146 -1257230966 -1196931560 167081592 172319700 452425124 -1274230962 318222027 -378533176 -1492147598 -759569099 385202468 4826
 3 630 3692 3 0 6 162825186 2139956818 2131494274 -2090378852 -1437999584 -695126953 512432082 -1132191277 -909414641 1853133634 757718245 965834390 93346868 567472053 139967325 -1317249674 2117890234 1462922307 89265372 -347092492 1813375764 -1696119704 -510109081 765135259 -1363711453 553614844 875025207 621353099 2120086070 -33831472 257063833 -1647346276 -1858837930 -1601468839 -1773934776 1336529763 -1758080596 -272583218 -1156285275 -1909826578 -2011156181 -1349787170 726331 17760535 -1332860342 -1783252432 1259331871 466339197 636574519 -1186788360 861201942 1003525643 957672414 -1625233625 1142487743 913141358 -2088353080 57890498 1097855759 -1465674180 1005835017 -1072819321 1938402251 -101392467 -406751314 -359459308 1845558297 1439013439 570415631 1883913878 -1616652504 1382300920 -1919700184 1943466037 -586194755 1528376125 43591210 -2000940702 1003996557 -1358104792 -571634451 -1592280282 -1733206042 1604639107 -586603357 -1017183419 2060187077 1384377635 -824395660 -257821398 1917565711
 864425655 132987712 1147911785 -41302278 -394215749 -1860244946 -1834064092 -1935478714 659462502 196467768 521386947 1862157337 376393889 1828518190 -259458435 471147916 -1017387443 -1678010024 -90258497 -1096824222 1424687899 -1327079225 -1684474427 1334286701 -363700119 -733360296 -757026719 -1800467137 1554166859 -384975976 -747078193 1138543847 611667828 -1658371275 431393601 302080782 1347635471 -911125798 -1172806386 -740232142 -1551065319 -1542124674 -414100863 1503415150 -2123337891 -1905663712 -1533049108 -259905952 412184092 -404462960 1845290186 -1465300857 -1530808879 -878289472 1116356578 -1798822845 1057878204 223949355 886929305 1063315484 -869818260 -1909111893 2082246676 607343731 -1195462451 -1350221697 1905184945 -613073833 1181808710 -1412303738 911600138 623755225 719207895 747703507 -1087801326 1528584228 -243933994 1447533146 -1529159089 -1381189118 -1584786366 -114386029 -64069589 1820409016 2128305997 -289369968 -943258731 -1740235763 2141495186 1316326340 -1249695971 1396246372
 -2119734829 795421852 -153026555 -425645386 1654927269 814192389 332673634 -855116136 -105914291 -760884511 1481209015 -150690584 611831962 -2007640391 1754495515 1460237969 832555742 926709705 -363894579 -772123715 1339147332 -224127802 -318164144 1240411534 -1490264906 -1597392270 1920001089 248484336 -2074083414 -191445466 497604667 -1440547159 -1987672999 1247695657 -1527263678 -243894560 -1380492273 1297159807 1923279795 1335503215 -32195696 557954921 -2134766964 1615772812 756700800 1939831903 1227829199 606198835 742059969 -408242771 306599723 -1446973489 1144195251 1490380708 190250749 -1983640199 914103150 700443906 -1076161173 -1284501948 -879760215 1305423428 -2048862373 -146578206 1809975302 -1129269751 -160055351 104434851 263309351 687474887 254041217 -2120929856 -573721695 1413137157 131514224 945310481 -2066655471 -1494064811 -1832616383 -208814223 63478347 -733412626 -1341158369 580133270 -1634113487 926955094 295480672 -1726042834 -2105526067 58284732 -801695983 35691360 862637232
 677495109 -2023833164 -1770201164 385985080 228654609 -673509562 -1764448594 -1523165910 233029065 -598499518 -1633799586 -1517173886 1191044077 -831076720 -787995254 1373741014 -457922758 1734559824 -89834024 808992856 1498385522 976984400 -744510847 878151744 1952518190 1407850198 -196829733 477521726 -1831023232 1039117408 404179614 1849106127 -2042866027 850841091 -512972678 -722407967 -58673063 -532279323 -681367743 -604302553 -519566048 1365934123 838935324 777438773 1874626406 -453422324 -572804858 1023989917 -1915076183 902896748 -1404226118 -1739132402 566797795 -593035758 -1355391537 1773416383 -330255910 -1146316841 -787691115 -1379607070 -50039791 240746917 1345519161 620839067 -1534728382 -879884422 1462356677 -522231141 1780673818 907045286 -722391649 -567468801 1321000349 2003840393 118392406 697890534 -1923530160 -1473730549 -428921279 1301650421 -1950043458 1823962092 360261854 395055909 -586220954 -751923132 694596896 -1327329345 765956064 -631764489 24330241 -113161217 -1027283077
 -2104351128 -1110744634 1482369722 -581217299 15410580 573762348 -1418900094 609360403 -1869075598 1685844943 868426332 -596916275 79203894 -1327345589 -1685091685 1326135743 1871150493 -1011479434 238178835 -2083647296 307377984 -1462743404 401537699 -1545166590 1102202242 -297245566 1667554880 -1389140399 254379684 -1873137528 2124121961 -478183063 -598181425 1641478390 1716302253 2109788287 -1143452199 1897224593 -711819566 -1255793247 1288736026 406454577 -1355309101 1606085688 1590271106 1846253791 -2113544083 -1490254726 1564482052 -951846585 -670538585 1182929750 -509657384 -1282585116 359035457 1316732195 1666880520 -1513298364 -1137293037 1994591757 -703271158 -1008411354 -659270330 -141578759 2012833493 755199127 -1385101384 -464104938 105194982 -1907698519 -101404903 -1708393558 578027336 -1144345022 -931730679 613797070 -397615326 861053763 -907487196 1819424828 -590907769 -709026760 1053404351 -1674773993 2060786749 -2146345860 2047926699 1253874551 232241816 185504311 -771468469 623211239
 -1790240585 -192050330 1801870497 -1849298892 716476206 -1178053427 139864089 878603284 233014100 -276232763 1803612040 -1965166305 -82788471 2085705427 -1232873973 -731574802 -1746387462 379379865 343970448 -1531998144 943767486 1907252220 1701862251 -1508148156 -1976025225 800844532 608100347 -2078465642 1538079007 -1165184053 -303115956 -1410974317 -1250508437 -1967991652 590399984 -1671132103 494147309 -1149973339 160107354 -256115830 812318843 1065045490 -1730062383 -1630760376 792296387 -1621993346 872316871 -663994177 -1667818415 180295151 -1600182390 -107970191 -1468835368 619777388 1739826986 -240163900 -99517080 -152001585 2009039280 -440040882 2105722849 -1267507388 -207567331 31336847 1295954154 344066099 -50783414 1250084431 -660478501 899652297 120876038 -1287298391 -1709832301 -980445773 -1877040110 314150894 1155028338 -1004038605 -475631701 -933913250 -494554770 1285724308 -332459970 1587871751 -1507762277 -1523494367 -973938465 1986521748 -400460785 746783363 83264131 894429306 497405063
 898642140 -1768671920 1110607038 982906181 -31148170 2118268447 -1133784131 -954116181 20829320 1276217888 1024420280 -938263926 657843271 -1463159391 -177161817 -359242211 1351449912 1360122253 194603426 -91166992 1443125364 1786508520 1101970098 55818011 127212051 363734766 -1199059138 -624780245 2071040818 1016833584 -142701887 47273572 -1305816718 1908033082 -487816544 413670693 -1819087529 -1478940274 1217979298 -1164951743 -1057089453 -723990854 -1984604836 534607472 -226993731 2139913442 1062736255 -1771543757 -1617567102 985980719 -1763684268 -896675393 -1426637951 1075666937 993298647 -1334127344 -1882030556 -643447756 1139350690 -1056554848 -1477220125 483706187 939414735 -1855209622 866779565 -1757034399 -819249117 -201396624 1314436613 -1444337760 4826
